VCD info: dumpfile testbench.vcd opened for output.
        1           10     114 
        2           13     116 
        3           15      98 
        4           17     114 
        5           25      98 
        6           44     108 
        7           49     100 
        8           50      52 
        9           59      57 
       10           63      98 
       11           65     116 
       12           67      98 
       13           69     114 
       14           70     116 
       15           73      57 
       16           76      57 
       17           87     114 
       18           90     114 
       19           94     114 
       20          104     116 
       21          348     101 
       22          351     116 
       23          353      98 
       24          355     116 
       25          359     116 
       26          465     101 
       27          469     114 
       28          470     116 
       29          472      98 
       30          474     114 
       31          480     101 
       32          482      98 
       33          484     114 
       34          485     116 
       35          490     100 
top_tb.v:94: $finish called at 2000 (1ps)
VCD info: dumpfile testbench.vcd opened for output.
        1           10     114 
        2           13     116 
        3           15      98 
        4           17     114 
        5           25      98 
        6           44     108 
        7           49     100 
        8           50      52 
        9           59      57 
       10           63      98 
       11           65     116 
       12           67      98 
       13           69     114 
       14           70     116 
       15           73      57 
       16           76      57 
       17           87     114 
       18           90     114 
       19           94     114 
       20          104     116 
       21          348     101 
       22          351     116 
       23          353      98 
       24          355     116 
       25          359     116 
       26          465     101 
       27          469     114 
       28          470     116 
       29          472      98 
       30          474     114 
       31          480     101 
       32          482      98 
       33          484     114 
       34          485     116 
       35          490     100 
top_tb.v:94: $finish called at 2000 (1ps)
